000000000000
011011011001
110110110010
010010001011
101101100100
001000111101
100100010111
111111110000
011011001001
110110100010
010001111011
101101010100
001000101101
100100000110
111111011111
011010111000
110110010001
010001101010
101101000100
001000011101
100011110110
111111001111
011010101000
110110000001
010001011010
101100110011
001000001100
100011100101
111110111110
011010011000
110101110001
010001001010
101100100011
000111111100
100011010101
111110101110
011010000111
110101100000
010000111001
101100010010
000111101100
100011000101
111110011110
011001110111
110101010000
010000101001
101100000010
000111011011
100010110100
111110001101
011001100110
110100111111
010000011001
101011110010
000111001011
100010100100
111101111101
011001010110
110100101111
010000001000
101011100001
000110111010
100010010011
111101101101
011001000110
110100011111
001111111000
101011010001
000110101010
100010000011
111101011100
011000110101
110100001110
001111100111
101011000001
000110011010
100001110011
111101001100
011000100101
110011111110
001111010111
101010110000
000110001001
100001100010
111100111011
011000010100
110011101110
001111000111
101010100000
000101111001
100001010010
111100101011
011000000100
110011011101
001110110110
101010001111
000101101000
100001000010
111100011011
010111110100
110011001101
001110100110
101001111111
000101011000
100000110001
111100001010
010111100011
110010111100
001110010110
101001101111
000101001000
100000100001
111011111010
010111010011
110010101100
001110000101
101001011110
000100110111
100000010000
111011101001
010111000011
110010011100
001101110101
101001001110
000100100111
100000000000
111011011001
010110110010
110010001011
001101100100
101000111101
000100010111
011111110000
111011001001
010110100010
110001111011
001101010100
101000101101
000100000110
011111011111
111010111000
010110010001
110001101010
001101000100
101000011101
000011110110
011111001111
111010101000
010110000001
110001011010
001100110011
101000001100
000011100101
011110111110
111010011000
010101110001
110001001010
001100100011
100111111100
000011010101
011110101110
111010000111
010101100000
110000111001
001100010010
100111101100
000011000101
011110011110
111001110111
010101010000
110000101001
001100000010
100111011011
000010110100
011110001101
111001100110
010100111111
110000011001
001011110010
100111001011
000010100100
011101111101
111001010110
010100101111
110000001000
001011100001
100110111010
000010010011
011101101101
111001000110
010100011111
101111111000
001011010001
100110101010
000010000011
011101011100
111000110101
010100001110
101111100111
001011000001
100110011010
000001110011
011101001100
111000100101
010011111110
101111010111
001010110000
100110001001
000001100010
011100111011
111000010100
010011101110
101111000111
001010100000
100101111001
000001010010
011100101011
111000000100
010011011101
101110110110
001010001111
100101101000
000001000010
011100011011
110111110100
010011001101
101110100110
001001111111
100101011000
000000110001
011100001010
110111100011
010010111100
101110010110
001001101111
100101001000
000000100001
011011111010
110111010011
010010101100
101110000101
001001011110
100100110111
000000010000
011011101001
110111000011
010010011100
101101110101
001001001110
100100100111
000000000000
011011011001
110110110010
010010001011
101101100100
001000111101
100100010111
111111110000
011011001001
110110100010
010001111011
101101010100
001000101101
100100000110
111111011111
011010111000
110110010001
010001101010
101101000100
001000011101
100011110110
111111001111
011010101000
110110000001
010001011010
101100110011
001000001100
100011100101
111110111110
011010011000
110101110001
010001001010
101100100011
000111111100
100011010101
111110101110
011010000111
110101100000
010000111001
101100010010
000111101100
100011000101
111110011110
011001110111
110101010000
010000101001
101100000010
000111011011
100010110100
111110001101
011001100110
110100111111
010000011001
101011110010
000111001011
100010100100
111101111101
011001010110
110100101111
010000001000
101011100001
000110111010
100010010011
111101101101
011001000110
110100011111
001111111000
101011010001
000110101010
100010000011
111101011100
011000110101
110100001110
001111100111
101011000001
000110011010
100001110011
111101001100
011000100101
110011111110
001111010111
101010110000
000110001001
100001100010
111100111011
011000010100
110011101110
001111000111
101010100000
000101111001
100001010010
111100101011
011000000100
110011011101
001110110110
101010001111
000101101000
100001000010
111100011011
010111110100
110011001101
001110100110
101001111111
000101011000
100000110001
111100001010
010111100011
110010111100
001110010110
101001101111
000101001000
100000100001
111011111010
010111010011
110010101100
001110000101
101001011110
000100110111
100000010000
111011101001
010111000011
110010011100
001101110101
101001001110
000100100111
100000000000
111011011001
010110110010
110010001011
001101100100
101000111101
000100010111
011111110000
111011001001
010110100010
110001111011
001101010100
101000101101
000100000110
011111011111
111010111000
010110010001
110001101010
001101000100
101000011101
000011110110
011111001111
111010101000
010110000001
110001011010
001100110011
101000001100
000011100101
011110111110
111010011000
010101110001
110001001010
001100100011
100111111100
000011010101
011110101110
111010000111
010101100000
110000111001
001100010010
100111101100
000011000101
011110011110
111001110111
010101010000
110000101001
001100000010
100111011011
000010110100
011110001101
111001100110
010100111111
110000011001
001011110010
100111001011
000010100100
011101111101
111001010110
010100101111
110000001000
001011100001
100110111010
000010010011
011101101101
111001000110
010100011111
101111111000
001011010001
100110101010
000010000011
011101011100
111000110101
010100001110
101111100111
001011000001
100110011010
000001110011
011101001100
111000100101
010011111110
101111010111
001010110000
100110001001
000001100010
011100111011
111000010100
010011101110
101111000111
001010100000
100101111001
000001010010
011100101011
111000000100
010011011101
101110110110
001010001111
100101101000
000001000010
011100011011
110111110100
010011001101
101110100110
001001111111
100101011000
000000110001
011100001010
110111100011
010010111100
101110010110
001001101111
100101001000
000000100001
011011111010
110111010011
010010101100
101110000101
001001011110
100100110111
000000010000
011011101001
110111000011
010010011100
101101110101
001001001110
100100100111
000000000000
011011011001
110110110010
010010001011
101101100100
001000111101
100100010111
111111110000
011011001001
110110100010
010001111011
101101010100
001000101101
100100000110
111111011111
011010111000
110110010001
010001101010
101101000100
001000011101
100011110110
111111001111
011010101000
110110000001
010001011010
101100110011
001000001100
100011100101
111110111110
011010011000
110101110001
010001001010
101100100011
000111111100
100011010101
111110101110
011010000111
110101100000
010000111001
101100010010
000111101100
100011000101
111110011110
011001110111
110101010000
010000101001
101100000010
000111011011
100010110100
111110001101
011001100110
110100111111
010000011001
101011110010
000111001011
100010100100
111101111101
011001010110
110100101111
010000001000
101011100001
000110111010
100010010011
111101101101
011001000110
110100011111
001111111000
101011010001
000110101010
100010000011
111101011100
011000110101
110100001110
001111100111
101011000001
000110011010
100001110011
111101001100
011000100101
110011111110
001111010111
101010110000
000110001001
100001100010
111100111011
011000010100
110011101110
001111000111
101010100000
000101111001
100001010010
111100101011
011000000100
110011011101
001110110110
101010001111
000101101000
100001000010
111100011011
010111110100
110011001101
001110100110
101001111111
000101011000
100000110001
111100001010
010111100011
110010111100
001110010110
101001101111
000101001000
100000100001
111011111010
010111010011
110010101100
001110000101
101001011110
000100110111
100000010000
111011101001
010111000011
110010011100
001101110101
101001001110
000100100111
100000000000
111011011001
010110110010
110010001011
001101100100
101000111101
000100010111
011111110000
111011001001
010110100010
110001111011
001101010100
101000101101
000100000110
011111011111
111010111000
010110010001
110001101010
001101000100
101000011101
000011110110
011111001111
111010101000
010110000001
110001011010
001100110011
101000001100
000011100101
011110111110
111010011000
010101110001
110001001010
001100100011
100111111100
000011010101
011110101110
111010000111
010101100000
110000111001
001100010010
100111101100
000011000101
011110011110
111001110111
010101010000
110000101001
001100000010
100111011011
000010110100
011110001101
111001100110
010100111111
110000011001
001011110010
100111001011
000010100100
011101111101
111001010110
010100101111
110000001000
001011100001
100110111010
000010010011
011101101101
111001000110
010100011111
101111111000
001011010001
100110101010
000010000011
011101011100
111000110101
010100001110
101111100111
001011000001
100110011010
000001110011
011101001100
111000100101
010011111110
101111010111
001010110000
100110001001
000001100010
011100111011
111000010100
010011101110
101111000111
001010100000
100101111001
000001010010
011100101011
111000000100
010011011101
101110110110
001010001111
100101101000
000001000010
011100011011
110111110100
010011001101
101110100110
001001111111
100101011000
000000110001
011100001010
110111100011
010010111100
101110010110
001001101111
100101001000
000000100001
011011111010
110111010011
010010101100
101110000101
001001011110
100100110111
000000010000
011011101001
110111000011
010010011100
101101110101
001001001110
100100100111
000000000000
011011011001
110110110010
010010001011
101101100100
001000111101
100100010111
111111110000
011011001001
110110100010
010001111011
101101010100
001000101101
100100000110
111111011111
011010111000
110110010001
010001101010
101101000100
001000011101
100011110110
111111001111
011010101000
110110000001
010001011010
101100110011
001000001100
100011100101
111110111110
011010011000
110101110001
010001001010
101100100011
000111111100
100011010101
111110101110
011010000111
110101100000
010000111001
101100010010
000111101100
100011000101
111110011110
011001110111
110101010000
010000101001
101100000010
000111011011
100010110100
111110001101
011001100110
110100111111
010000011001
101011110010
000111001011
100010100100
111101111101
011001010110
110100101111
010000001000
101011100001
000110111010
100010010011
111101101101
011001000110
110100011111
001111111000
101011010001
000110101010
100010000011
111101011100
011000110101
110100001110
001111100111
101011000001
000110011010
100001110011
111101001100
011000100101
110011111110
001111010111
101010110000
000110001001
100001100010
111100111011
011000010100
110011101110
001111000111
101010100000
000101111001
100001010010
111100101011
011000000100
110011011101
001110110110
101010001111
000101101000
100001000010
111100011011
010111110100
110011001101
001110100110
101001111111
000101011000
100000110001
111100001010
010111100011
110010111100
001110010110
101001101111
000101001000
100000100001
111011111010
010111010011
110010101100
001110000101
101001011110
000100110111
100000010000
111011101001
010111000011
110010011100
001101110101
101001001110
000100100111
100000000000
111011011001
010110110010
110010001011
001101100100
101000111101
000100010111
011111110000
111011001001
010110100010
110001111011
001101010100
101000101101
000100000110
011111011111
111010111000
010110010001
110001101010
001101000100
101000011101
000011110110
011111001111
111010101000
010110000001
110001011010
001100110011
101000001100
000011100101
011110111110
111010011000
010101110001
110001001010
001100100011
100111111100
000011010101
011110101110
111010000111
010101100000
110000111001
001100010010
100111101100
000011000101
011110011110
111001110111
010101010000
110000101001
001100000010
100111011011
000010110100
011110001101
111001100110
010100111111
110000011001
001011110010
100111001011
000010100100
011101111101
111001010110
010100101111
110000001000
001011100001
100110111010
000010010011
011101101101
111001000110
010100011111
101111111000
001011010001
100110101010
000010000011
011101011100
111000110101
010100001110
101111100111
001011000001
100110011010
000001110011
011101001100
111000100101
010011111110
101111010111
001010110000
100110001001
000001100010
011100111011
111000010100
010011101110
101111000111
001010100000
100101111001
000001010010
011100101011
111000000100
010011011101
101110110110
001010001111
100101101000
000001000010
011100011011
110111110100
010011001101
101110100110
001001111111
100101011000
000000110001
011100001010
110111100011
010010111100
101110010110
001001101111
100101001000
000000100001
011011111010
110111010011
010010101100
101110000101
001001011110
100100110111
000000010000
011011101001
110111000011
010010011100
101101110101
001001001110
100100100111
000000000000
011011011001
110110110010
010010001011
101101100100
001000111101
100100010111
111111110000
011011001001
110110100010
010001111011
101101010100
001000101101
100100000110
111111011111
011010111000
110110010001
010001101010
101101000100
001000011101
100011110110
111111001111
011010101000
110110000001
010001011010
101100110011
001000001100
100011100101
111110111110
011010011000
110101110001
010001001010
101100100011
000111111100
100011010101
111110101110
011010000111
110101100000
010000111001
101100010010
000111101100
100011000101
111110011110
011001110111
110101010000
010000101001
101100000010
000111011011
100010110100
111110001101
011001100110
110100111111
010000011001
101011110010
000111001011
100010100100
111101111101
011001010110
110100101111
010000001000
101011100001
000110111010
100010010011
111101101101
011001000110
110100011111
001111111000
101011010001
000110101010
100010000011
111101011100
011000110101
110100001110
001111100111
101011000001
000110011010
100001110011
111101001100
011000100101
110011111110
001111010111
101010110000
000110001001
100001100010
111100111011
011000010100
110011101110
001111000111
101010100000
000101111001
100001010010
111100101011
011000000100
110011011101
001110110110
101010001111
000101101000
100001000010
111100011011
010111110100
110011001101
001110100110
101001111111
000101011000
100000110001
111100001010
010111100011
110010111100
001110010110
101001101111
000101001000
100000100001
111011111010
010111010011
110010101100
001110000101
101001011110
000100110111
100000010000
111011101001
010111000011
110010011100
001101110101
101001001110
000100100111
100000000000
111011011001
010110110010
110010001011
001101100100
101000111101
000100010111
011111110000
111011001001
010110100010
110001111011
001101010100
101000101101
000100000110
011111011111
111010111000
010110010001
110001101010
001101000100
101000011101
000011110110
011111001111
111010101000
010110000001
110001011010
001100110011
101000001100
000011100101
011110111110
111010011000
010101110001
110001001010
001100100011
100111111100
000011010101
011110101110
111010000111
010101100000
110000111001
001100010010
100111101100
000011000101
011110011110
111001110111
010101010000
110000101001
001100000010
100111011011
000010110100
011110001101
111001100110
010100111111
110000011001
001011110010
100111001011
000010100100
011101111101
111001010110
010100101111
110000001000
001011100001
100110111010
000010010011
011101101101
111001000110
010100011111
101111111000
001011010001
100110101010
000010000011
011101011100
111000110101
010100001110
101111100111
001011000001
100110011010
000001110011
011101001100
111000100101
010011111110
101111010111
001010110000
100110001001
000001100010
011100111011
111000010100
010011101110
101111000111
001010100000
100101111001
000001010010
011100101011
111000000100
010011011101
101110110110
001010001111
100101101000
000001000010
011100011011
110111110100
010011001101
101110100110
001001111111
100101011000
000000110001
011100001010
110111100011
010010111100
101110010110
001001101111
100101001000
000000100001
011011111010
110111010011
010010101100
101110000101
001001011110
100100110111
000000010000
011011101001
110111000011
010010011100
101101110101
001001001110
100100100111
000000000000
100100100111
001001001110
101101110101
010010011100
110111000011
011011101001
000000010000
100100110111
001001011110
101110000101
010010101100
110111010011
011011111010
000000100001
100101001000
001001101111
101110010110
010010111100
110111100011
011100001010
000000110001
100101011000
001001111111
101110100110
010011001101
110111110100
011100011011
000001000010
100101101000
001010001111
101110110110
010011011101
111000000100
011100101011
000001010010
100101111001
001010100000
101111000111
010011101110
111000010100
011100111011
000001100010
100110001001
001010110000
101111010111
010011111110
111000100101
011101001100
000001110011
100110011010
001011000001
101111100111
010100001110
111000110101
011101011100
000010000011
100110101010
001011010001
101111111000
010100011111
111001000110
011101101101
000010010011
100110111010
001011100001
110000001000
010100101111
111001010110
011101111101
000010100100
100111001011
001011110010
110000011001
010100111111
111001100110
011110001101
000010110100
100111011011
001100000010
110000101001
010101010000
111001110111
011110011110
000011000101
100111101100
001100010010
110000111001
010101100000
111010000111
011110101110
000011010101
100111111100
001100100011
110001001010
010101110001
111010011000
011110111110
000011100101
101000001100
001100110011
110001011010
010110000001
111010101000
011111001111
000011110110
101000011101
001101000100
110001101010
010110010001
111010111000
011111011111
000100000110
101000101101
001101010100
110001111011
010110100010
111011001001
011111110000
000100010111
101000111101
001101100100
110010001011
010110110010
111011011001
100000000000
000100100111
101001001110
001101110101
110010011100
010111000011
111011101001
100000010000
000100110111
101001011110
001110000101
110010101100
010111010011
111011111010
100000100001
000101001000
101001101111
001110010110
110010111100
010111100011
111100001010
100000110001
000101011000
101001111111
001110100110
110011001101
010111110100
111100011011
100001000010
000101101000
101010001111
001110110110
110011011101
011000000100
111100101011
100001010010
000101111001
101010100000
001111000111
110011101110
011000010100
111100111011
100001100010
000110001001
101010110000
001111010111
110011111110
011000100101
111101001100
100001110011
000110011010
101011000001
001111100111
110100001110
011000110101
111101011100
100010000011
000110101010
101011010001
001111111000
110100011111
011001000110
111101101101
100010010011
000110111010
101011100001
010000001000
110100101111
011001010110
111101111101
100010100100
000111001011
101011110010
010000011001
110100111111
011001100110
111110001101
100010110100
000111011011
101100000010
010000101001
110101010000
011001110111
111110011110
100011000101
000111101100
101100010010
010000111001
110101100000
011010000111
111110101110
100011010101
000111111100
101100100011
010001001010
110101110001
011010011000
111110111110
100011100101
001000001100
101100110011
010001011010
110110000001
011010101000
111111001111
100011110110
001000011101
101101000100
010001101010
110110010001
011010111000
111111011111
100100000110
001000101101
101101010100
010001111011
110110100010
011011001001
111111110000
100100010111
001000111101
101101100100
010010001011
110110110010
011011011001
000000000000
100100100111
001001001110
101101110101
010010011100
110111000011
011011101001
000000010000
100100110111
001001011110
101110000101
010010101100
110111010011
011011111010
000000100001
100101001000
001001101111
101110010110
010010111100
110111100011
011100001010
000000110001
100101011000
001001111111
101110100110
010011001101
110111110100
011100011011
000001000010
100101101000
001010001111
101110110110
010011011101
111000000100
011100101011
000001010010
100101111001
001010100000
101111000111
010011101110
111000010100
011100111011
000001100010
100110001001
001010110000
101111010111
010011111110
111000100101
011101001100
000001110011
100110011010
001011000001
101111100111
010100001110
111000110101
011101011100
000010000011
100110101010
001011010001
101111111000
010100011111
111001000110
011101101101
000010010011
100110111010
001011100001
110000001000
010100101111
111001010110
011101111101
000010100100
100111001011
001011110010
110000011001
010100111111
111001100110
011110001101
000010110100
100111011011
001100000010
110000101001
010101010000
111001110111
011110011110
000011000101
100111101100
001100010010
110000111001
010101100000
111010000111
011110101110
000011010101
100111111100
001100100011
110001001010
010101110001
111010011000
011110111110
000011100101
101000001100
001100110011
110001011010
010110000001
111010101000
011111001111
000011110110
101000011101
001101000100
110001101010
010110010001
111010111000
011111011111
000100000110
101000101101
001101010100
110001111011
010110100010
111011001001
011111110000
000100010111
101000111101
001101100100
110010001011
010110110010
111011011001
100000000000
000100100111
101001001110
001101110101
110010011100
010111000011
111011101001
100000010000
000100110111
101001011110
001110000101
110010101100
010111010011
111011111010
100000100001
000101001000
101001101111
001110010110
110010111100
010111100011
111100001010
100000110001
000101011000
101001111111
001110100110
110011001101
010111110100
111100011011
100001000010
000101101000
101010001111
001110110110
110011011101
011000000100
111100101011
100001010010
000101111001
101010100000
001111000111
110011101110
011000010100
111100111011
100001100010
000110001001
101010110000
001111010111
110011111110
011000100101
111101001100
100001110011
000110011010
101011000001
001111100111
110100001110
011000110101
111101011100
100010000011
000110101010
101011010001
001111111000
110100011111
011001000110
111101101101
100010010011
000110111010
101011100001
010000001000
110100101111
011001010110
111101111101
100010100100
000111001011
101011110010
010000011001
110100111111
011001100110
111110001101
100010110100
000111011011
101100000010
010000101001
110101010000
011001110111
111110011110
100011000101
000111101100
101100010010
010000111001
110101100000
011010000111
111110101110
100011010101
000111111100
101100100011
010001001010
110101110001
011010011000
111110111110
100011100101
001000001100
101100110011
010001011010
110110000001
011010101000
111111001111
100011110110
001000011101
101101000100
010001101010
110110010001
011010111000
111111011111
100100000110
001000101101
101101010100
010001111011
110110100010
011011001001
111111110000
100100010111
001000111101
101101100100
010010001011
110110110010
011011011001
000000000000
100100100111
001001001110
101101110101
010010011100
110111000011
011011101001
000000010000
100100110111
001001011110
101110000101
010010101100
110111010011
011011111010
000000100001
100101001000
001001101111
101110010110
010010111100
110111100011
011100001010
000000110001
100101011000
001001111111
101110100110
010011001101
110111110100
011100011011
000001000010
100101101000
001010001111
101110110110
010011011101
111000000100
011100101011
000001010010
100101111001
001010100000
101111000111
010011101110
111000010100
011100111011
000001100010
100110001001
001010110000
101111010111
010011111110
111000100101
011101001100
000001110011
100110011010
001011000001
101111100111
010100001110
111000110101
011101011100
000010000011
100110101010
001011010001
101111111000
010100011111
111001000110
011101101101
000010010011
100110111010
001011100001
110000001000
010100101111
111001010110
011101111101
000010100100
100111001011
001011110010
110000011001
010100111111
111001100110
011110001101
000010110100
100111011011
001100000010
110000101001
010101010000
111001110111
011110011110
000011000101
100111101100
001100010010
110000111001
010101100000
111010000111
011110101110
000011010101
100111111100
001100100011
110001001010
010101110001
111010011000
011110111110
000011100101
101000001100
001100110011
110001011010
010110000001
111010101000
011111001111
000011110110
101000011101
001101000100
110001101010
010110010001
111010111000
011111011111
000100000110
101000101101
001101010100
110001111011
010110100010
111011001001
011111110000
000100010111
101000111101
001101100100
110010001011
010110110010
111011011001
100000000000
000100100111
101001001110
001101110101
110010011100
010111000011
111011101001
100000010000
000100110111
101001011110
001110000101
110010101100
010111010011
111011111010
100000100001
000101001000
101001101111
001110010110
110010111100
010111100011
111100001010
100000110001
000101011000
101001111111
001110100110
110011001101
010111110100
111100011011
100001000010
000101101000
101010001111
001110110110
110011011101
011000000100
111100101011
100001010010
000101111001
101010100000
001111000111
110011101110
011000010100
111100111011
100001100010
000110001001
101010110000
001111010111
110011111110
011000100101
111101001100
100001110011
000110011010
101011000001
001111100111
110100001110
011000110101
111101011100
100010000011
000110101010
101011010001
001111111000
110100011111
011001000110
111101101101
100010010011
000110111010
101011100001
010000001000
110100101111
011001010110
111101111101
100010100100
000111001011
101011110010
010000011001
110100111111
011001100110
111110001101
100010110100
000111011011
101100000010
010000101001
110101010000
011001110111
111110011110
100011000101
000111101100
101100010010
010000111001
110101100000
011010000111
111110101110
100011010101
000111111100
101100100011
010001001010
110101110001
011010011000
111110111110
100011100101
001000001100
101100110011
010001011010
110110000001
011010101000
111111001111
100011110110
001000011101
101101000100
010001101010
110110010001
011010111000
111111011111
100100000110
001000101101
101101010100
010001111011
110110100010
011011001001
111111110000
100100010111
001000111101
101101100100
010010001011
110110110010
011011011001
000000000000
100100100111
001001001110
101101110101
010010011100
110111000011
011011101001
000000010000
100100110111
001001011110
101110000101
010010101100
110111010011
011011111010
000000100001
100101001000
001001101111
101110010110
010010111100
110111100011
011100001010
000000110001
100101011000
001001111111
101110100110
010011001101
110111110100
011100011011
000001000010
100101101000
001010001111
101110110110
010011011101
111000000100
011100101011
000001010010
100101111001
001010100000
101111000111
010011101110
111000010100
011100111011
000001100010
100110001001
001010110000
101111010111
010011111110
111000100101
011101001100
000001110011
100110011010
001011000001
101111100111
010100001110
111000110101
011101011100
000010000011
100110101010
001011010001
101111111000
010100011111
111001000110
011101101101
000010010011
100110111010
001011100001
110000001000
010100101111
111001010110
011101111101
000010100100
100111001011
001011110010
110000011001
010100111111
111001100110
011110001101
000010110100
100111011011
001100000010
110000101001
010101010000
111001110111
011110011110
000011000101
100111101100
001100010010
110000111001
010101100000
111010000111
011110101110
000011010101
100111111100
001100100011
110001001010
010101110001
111010011000
011110111110
000011100101
101000001100
001100110011
110001011010
010110000001
111010101000
011111001111
000011110110
101000011101
001101000100
110001101010
010110010001
111010111000
011111011111
000100000110
101000101101
001101010100
110001111011
010110100010
111011001001
011111110000
000100010111
101000111101
001101100100
110010001011
010110110010
111011011001
100000000000
000100100111
101001001110
001101110101
110010011100
010111000011
111011101001
100000010000
000100110111
101001011110
001110000101
110010101100
010111010011
111011111010
100000100001
000101001000
101001101111
001110010110
110010111100
010111100011
111100001010
100000110001
000101011000
101001111111
001110100110
110011001101
010111110100
111100011011
100001000010
000101101000
101010001111
001110110110
110011011101
011000000100
111100101011
100001010010
000101111001
101010100000
001111000111
110011101110
011000010100
111100111011
100001100010
000110001001
101010110000
001111010111
110011111110
011000100101
111101001100
100001110011
000110011010
101011000001
001111100111
110100001110
011000110101
111101011100
100010000011
000110101010
101011010001
001111111000
110100011111
011001000110
111101101101
100010010011
000110111010
101011100001
010000001000
110100101111
011001010110
111101111101
100010100100
000111001011
101011110010
010000011001
110100111111
011001100110
111110001101
100010110100
000111011011
101100000010
010000101001
110101010000
011001110111
111110011110
100011000101
000111101100
101100010010
010000111001
110101100000
011010000111
111110101110
100011010101
000111111100
101100100011
010001001010
110101110001
011010011000
111110111110
100011100101
001000001100
101100110011
010001011010
110110000001
011010101000
111111001111
100011110110
001000011101
101101000100
010001101010
110110010001
011010111000
111111011111
100100000110
001000101101
101101010100
010001111011
110110100010
011011001001
111111110000
100100010111
001000111101
101101100100
010010001011
110110110010
011011011001
000000000000
100100100111
001001001110
101101110101
010010011100
110111000011
011011101001
000000010000
100100110111
001001011110
101110000101
010010101100
110111010011
011011111010
000000100001
100101001000
001001101111
101110010110
010010111100
110111100011
011100001010
000000110001
100101011000
001001111111
101110100110
010011001101
110111110100
011100011011
000001000010
100101101000
001010001111
101110110110
010011011101
111000000100
011100101011
000001010010
100101111001
001010100000
101111000111
010011101110
111000010100
011100111011
000001100010
100110001001
001010110000
101111010111
010011111110
111000100101
011101001100
000001110011
100110011010
001011000001
101111100111
010100001110
111000110101
011101011100
000010000011
100110101010
001011010001
101111111000
010100011111
111001000110
011101101101
000010010011
100110111010
001011100001
110000001000
010100101111
111001010110
011101111101
000010100100
100111001011
001011110010
110000011001
010100111111
111001100110
011110001101
000010110100
100111011011
001100000010
110000101001
010101010000
111001110111
011110011110
000011000101
100111101100
001100010010
110000111001
010101100000
111010000111
011110101110
000011010101
100111111100
001100100011
110001001010
010101110001
111010011000
011110111110
000011100101
101000001100
001100110011
110001011010
010110000001
111010101000
011111001111
000011110110
101000011101
001101000100
110001101010
010110010001
111010111000
011111011111
000100000110
101000101101
001101010100
110001111011
010110100010
111011001001
011111110000
000100010111
101000111101
001101100100
110010001011
010110110010
111011011001
100000000000
000100100111
101001001110
001101110101
110010011100
010111000011
111011101001
100000010000
000100110111
101001011110
001110000101
110010101100
010111010011
111011111010
100000100001
000101001000
101001101111
001110010110
110010111100
010111100011
111100001010
100000110001
000101011000
101001111111
001110100110
110011001101
010111110100
111100011011
100001000010
000101101000
101010001111
001110110110
110011011101
011000000100
111100101011
100001010010
000101111001
101010100000
001111000111
110011101110
011000010100
111100111011
100001100010
000110001001
101010110000
001111010111
110011111110
011000100101
111101001100
100001110011
000110011010
101011000001
001111100111
110100001110
011000110101
111101011100
100010000011
000110101010
101011010001
001111111000
110100011111
011001000110
111101101101
100010010011
000110111010
101011100001
010000001000
110100101111
011001010110
111101111101
100010100100
000111001011
101011110010
010000011001
110100111111
011001100110
111110001101
100010110100
000111011011
101100000010
010000101001
110101010000
011001110111
111110011110
100011000101
000111101100
101100010010
010000111001
110101100000
011010000111
111110101110
100011010101
000111111100
101100100011
010001001010
110101110001
011010011000
111110111110
100011100101
001000001100
101100110011
010001011010
110110000001
011010101000
111111001111
100011110110
001000011101
101101000100
010001101010
110110010001
011010111000
111111011111
100100000110
001000101101
101101010100
010001111011
110110100010
011011001001
111111110000
100100010111
001000111101
101101100100
010010001011
110110110010
011011011001

