0
0
0
0
0
0
0
0
0
0
0
0
0
0
0
0
0
0
0
0
0
0
0
0
0
0
0
0
0
0
0
0
0
0
0
0
0
0
0
0
0
200
-195
-467
-508
-214
156
352
296
-35
-369
-551
-508
-266
-74
-16
6
62
238
461
553
393
22
-296
-371
-171
190
467
485
195
-199
-471
-511
-217
152
348
293
-38
-375
-555
-512
-270
-78
-19
3
59
234
456
549
389
19
-300
-374
-177
184
464
481
192
-202
-475
-515
-221
149
345
289
-41
-378
-560
-517
-274
-81
-23
0
56
231
452
545
385
15
-303
-378
-180
181
460
477
188
-205
-478
-521
-225
146
341
285
-45
-381
-564
-521
-280
-86
-28
-4
52
227
449
540
381
12
-307
-382
-184
178
456
473
184
-209
-482
-525
-229
142
338
282
-48
-385
-568
-526
-283
-90
-32
-7
49
224
445
536
376
8
-310
-385
-188
174
453
467
179
-214
-486
-529
-234
139
334
278
-52
-388
-572
-530
-287
-93
-36
-11
45
221
442
532
372
5
-313
-389
-191
171
448
462
175
-217
-489
-534
-237
136
331
275
-55
-392
-578
-534
-291
-97
-39
-14
40
215
438
528
368
1
-317
-395
-196
168
445
458
171
-220
-493
-538
-241
132
327
271
-59
-395
