0
0
0
0
0
0
0
0
0
0
0
0
0
0
0
0
0
0
0
0
0
0
0
0
0
0
0
0
0
0
0
0
0
0
0
0
0
0
0
0
0
26
-33
-79
-64
-26
26
60
44
-5
-65
-79
-58
-34
-12
-2
2
12
42
75
71
45
4
-52
-57
-25
32
79
61
25
-33
-79
-65
-27
26
60
43
-6
-65
-79
-58
-34
-12
-3
1
11
42
74
71
45
3
-52
-58
-25
32
78
61
24
-34
-79
-65
-27
25
59
43
-7
-66
-80
-57
-34
-13
-3
0
10
41
74
71
45
3
-53
-58
-26
31
78
61
24
-35
-80
-65
-27
24
59
43
-7
-67
-80
-57
-34
-14
-4
0
10
41
73
70
45
2
-53
-58
-26
30
78
61
24
-35
-80
-65
-27
24
58
42
-8
-67
-80
-58
-35
-14
-6
-1
9
40
73
70
44
2
-54
-59
-26
30
77
61
23
-36
-80
-65
-28
23
58
42
-8
-68
-80
-58
-35
-15
-6
-1
9
39
72
70
44
1
-55
-59
-27
29
76
60
23
-37
-81
-66
-29
22
57
41
-9
-68
-80
-58
-35
-15
-7
-2
8
39
72
70
44
1
-55
-61
-28
28
75
60
23
-38
-81
-66
-29
22
57
41
-9
-69
